0 0.634141 0.562014 0.050937 0.048472
0 0.984766 0.638403 0.029687 0.085417
0 0.859570 0.707708 0.102891 0.104306
0 0.239297 0.522014 0.042188 0.064861
0 0.308047 0.527986 0.045469 0.072361
0 0.597734 0.641458 0.070937 0.089028
0 0.433125 0.897153 0.103438 0.199028
0 0.830547 0.611806 0.071563 0.064167
0 0.272930 0.843194 0.089609 0.143333
0 0.347297 0.492076 0.045922 0.041069
0 0.296566 0.463937 0.043445 0.044542
0 0.252797 0.402938 0.029703 0.027458
0 0.188816 0.394229 0.021773 0.020403
0 0.236535 0.397965 0.023383 0.023069
0 0.382617 0.627431 0.053672 0.078194
0 0.569598 0.445236 0.040039 0.037861
0 0.564703 0.488771 0.039609 0.040125
0 0.883555 0.940278 0.167891 0.119444
0 0.340234 0.420625 0.029687 0.035694
0 0.507656 0.461458 0.040000 0.038194
0 0.423828 0.419861 0.037187 0.033333
0 0.669063 0.519028 0.039844 0.049444
