0 0.251105 0.398257 0.025023 0.017597
0 0.184285 0.391174 0.019523 0.021986
0 0.529258 0.727778 0.070234 0.105000
0 0.719219 0.599931 0.067656 0.077639
0 0.428516 0.936181 0.118906 0.125139
0 0.274805 0.605556 0.043516 0.073333
0 0.455859 0.589306 0.058750 0.076389
0 0.385977 0.626736 0.059453 0.093472
0 0.264883 0.482035 0.043453 0.046181
0 0.408422 0.433569 0.024703 0.031056
0 0.483816 0.469917 0.043445 0.046194
0 0.481687 0.433944 0.039187 0.034833
0 0.777340 0.423549 0.053742 0.046458
0 0.304871 0.415618 0.026398 0.018097
0 0.213449 0.402917 0.029398 0.038611
0 0.576328 0.482083 0.053437 0.051111
0 0.779922 0.560000 0.085000 0.097222
0 0.583555 0.520417 0.048828 0.051389
0 0.346055 0.492361 0.043359 0.055278
0 0.256484 0.553472 0.039844 0.066389
0 0.613672 0.469653 0.037656 0.045417
0 0.814727 0.927569 0.151484 0.144861
0 0.453398 0.520139 0.046172 0.052500
0 0.377578 0.439583 0.028594 0.026944
0 0.845742 0.562708 0.068203 0.075417
