0 0.434547 0.423958 0.035344 0.028750
0 0.532617 0.679653 0.071484 0.115694
0 0.440234 0.582014 0.052031 0.068472
0 0.722930 0.547431 0.064141 0.069028
0 0.595391 0.528750 0.049219 0.058333
0 0.838984 0.617917 0.089063 0.079722
0 0.342422 0.543472 0.040625 0.061944
0 0.289609 0.596319 0.072344 0.173472
0 0.248047 0.517778 0.044375 0.080833
0 0.626563 0.499722 0.051094 0.054722
0 0.971367 0.712778 0.056328 0.083889
0 0.834492 0.551250 0.080703 0.071111
0 0.488281 0.555833 0.041250 0.066389
0 0.512070 0.560139 0.041328 0.059444
0 0.289414 0.596181 0.072266 0.174861
0 0.216465 0.399958 0.013633 0.025917
0 0.200750 0.400910 0.023016 0.024014
0 0.385352 0.428056 0.021344 0.021667
0 0.363801 0.439361 0.036336 0.036778
0 0.518348 0.438000 0.048820 0.042944
0 0.491406 0.459347 0.039453 0.035639
0 0.325781 0.418056 0.033437 0.031111
0 0.285234 0.403632 0.023547 0.023764
0 0.245305 0.432479 0.038500 0.036208
0 0.253750 0.458208 0.033750 0.034500
0 0.350617 0.469812 0.044859 0.059958
0 0.447273 0.456465 0.045156 0.041264
