0 0.471328 0.971736 0.105313 0.054583
0 0.822031 0.557986 0.069531 0.060139
0 0.332109 0.536875 0.042656 0.056806
0 0.777969 0.658958 0.082812 0.082639
0 0.627773 0.876528 0.118672 0.180000
0 0.710117 0.550833 0.060547 0.061111
0 0.424766 0.563056 0.050937 0.076111
0 0.301758 0.655486 0.051953 0.102083
0 0.373789 0.511458 0.044297 0.049028
0 0.259453 0.553194 0.041562 0.078333
0 0.803438 0.509028 0.069219 0.056111
0 0.682227 0.497153 0.053516 0.050694
0 0.564609 0.477917 0.050312 0.050556
0 0.964453 0.605903 0.070312 0.077917
0 0.471328 0.971736 0.105313 0.054583
0 0.571992 0.517847 0.047422 0.055972
0 0.822031 0.557986 0.069531 0.060139
0 0.332109 0.536875 0.042656 0.056806
0 0.777969 0.658958 0.082812 0.082639
0 0.627773 0.876528 0.118672 0.180000
0 0.710117 0.550833 0.060547 0.061111
0 0.424766 0.563056 0.050937 0.076111
0 0.301758 0.655486 0.051953 0.102083
0 0.344852 0.433931 0.025297 0.022306
0 0.364352 0.412681 0.022000 0.022583
0 0.390977 0.429653 0.028984 0.029583
0 0.301852 0.422583 0.025891 0.020278
0 0.284441 0.403153 0.026070 0.021972
0 0.251910 0.403354 0.024914 0.020597
0 0.189332 0.429368 0.032117 0.071264
0 0.322082 0.478840 0.043727 0.035181
0 0.276430 0.491764 0.042078 0.041583
0 0.652023 0.442847 0.126953 0.099028
0 0.252883 0.942625 0.082172 0.100583
0 0.506297 0.426667 0.105953 0.083611
0 0.373789 0.511458 0.044297 0.049028
0 0.259453 0.553194 0.041562 0.078333
0 0.803438 0.509028 0.069219 0.056111
0 0.682227 0.497153 0.053516 0.050694
0 0.564609 0.477917 0.050312 0.050556
0 0.964453 0.605903 0.070312 0.077917
0 0.571992 0.517847 0.047422 0.055972
