0 0.266953 0.586944 0.046875 0.076389
0 0.263992 0.396257 0.025906 0.019014
0 0.307484 0.378097 0.033031 0.076472
0 0.242762 0.411590 0.029117 0.023236
0 0.225398 0.385917 0.029000 0.026083
0 0.212340 0.405583 0.016836 0.019361
0 0.229531 0.455701 0.041156 0.029958
0 0.265121 0.489014 0.038523 0.030972
0 0.500168 0.551951 0.068352 0.052708
0 0.978594 0.579931 0.042031 0.107083
0 0.237656 0.520556 0.037344 0.056944
0 0.582812 0.477361 0.062500 0.061667
0 0.675898 0.960694 0.119922 0.078611
0 0.701953 0.599236 0.066563 0.075139
0 0.715781 0.514306 0.056094 0.055556
0 0.339922 0.543194 0.049531 0.065278
0 0.877070 0.645833 0.085547 0.071111
0 0.850508 0.695903 0.091953 0.084306
0 0.521914 0.659514 0.073516 0.124028
0 0.315680 0.427951 0.029469 0.030847
0 0.248867 0.916042 0.101328 0.164306
0 0.284687 0.684792 0.061719 0.118194
0 0.774687 0.861597 0.116875 0.140972
0 0.456211 0.603056 0.052734 0.076111
0 0.409297 0.676389 0.058750 0.114167
0 0.423594 0.545625 0.059687 0.067361
0 0.446410 0.467035 0.040383 0.044792
0 0.488703 0.436188 0.041359 0.049014
0 0.363941 0.440840 0.034242 0.029569
0 0.374508 0.410208 0.037312 0.032528
