0 0.330039 0.478042 0.038313 0.043389
0 0.598867 0.824375 0.097422 0.137917
0 0.497070 0.628889 0.065078 0.103889
0 0.400586 0.680764 0.061328 0.119861
0 0.919687 0.653403 0.100625 0.107639
0 0.766562 0.639028 0.076406 0.085833
0 0.368828 0.589583 0.045625 0.068056
0 0.703281 0.504097 0.056875 0.059028
0 0.648906 0.565972 0.058594 0.058889
0 0.309453 0.522708 0.040625 0.055417
0 0.660117 0.695694 0.093203 0.116944
0 0.628750 0.510903 0.052813 0.048472
0 0.546406 0.502847 0.045156 0.049583
0 0.883906 0.930486 0.170313 0.137639
0 0.662617 0.965486 0.110703 0.067917
0 0.532422 0.585000 0.056875 0.064444
0 0.543398 0.462778 0.049453 0.042222
0 0.251414 0.444236 0.037266 0.031250
0 0.444609 0.506181 0.050906 0.067306
0 0.468309 0.451875 0.043586 0.039028
0 0.468148 0.423028 0.039453 0.034500
0 0.417082 0.435451 0.039133 0.048125
0 0.346324 0.425472 0.033273 0.027389
0 0.264062 0.416201 0.021391 0.018597
0 0.295551 0.421271 0.033039 0.027042
0 0.352590 0.405854 0.024008 0.023236
0 0.257168 0.480431 0.035648 0.042250
0 0.376336 0.520021 0.041969 0.048431
0 0.379203 0.476639 0.041531 0.038833
0 0.238219 0.917826 0.099234 0.164347
0 0.965676 0.839722 0.068648 0.141139
0 0.218773 0.406424 0.018328 0.018958
0 0.238750 0.404076 0.016875 0.016903
0 0.187883 0.393965 0.014984 0.015153
0 0.174223 0.400063 0.014742 0.016486
0 0.193441 0.448632 0.027680 0.031708
