0 0.545156 0.736111 0.075937 0.116389
0 0.509023 0.562222 0.054609 0.065000
0 0.293750 0.778750 0.077187 0.144444
0 0.737500 0.491944 0.050625 0.052222
0 0.748047 0.575278 0.068281 0.059167
0 0.912539 0.569792 0.085391 0.105417
0 0.387266 0.631667 0.081250 0.193333
0 0.433086 0.508264 0.048984 0.062917
0 0.331211 0.486944 0.039922 0.045000
0 0.292344 0.503889 0.037656 0.058611
0 0.387227 0.630903 0.081172 0.191806
0 0.263383 0.412708 0.026234 0.024583
0 0.213285 0.403139 0.020867 0.021806
0 0.291074 0.438361 0.043883 0.040917
0 0.260387 0.469875 0.035289 0.066833
0 0.372695 0.478208 0.037109 0.041972
0 0.299570 0.554722 0.034297 0.057500
0 0.328945 0.535556 0.038359 0.054444
0 0.251758 0.549583 0.041641 0.045278
0 0.301055 0.600278 0.044297 0.066389
0 0.895937 0.458264 0.070312 0.059306
0 0.323758 0.418042 0.042656 0.037917
0 0.402855 0.416132 0.034523 0.029736
0 0.735195 0.798542 0.118203 0.173194
