0 0.479063 0.610417 0.062656 0.093889
0 0.271992 0.834653 0.081328 0.156806
0 0.686875 0.737500 0.091094 0.117778
0 0.275117 0.706250 0.062734 0.098611
0 0.769844 0.567014 0.069219 0.069583
0 0.636289 0.558472 0.058359 0.052778
0 0.380312 0.619444 0.060000 0.099722
0 0.461211 0.948889 0.115391 0.099722
0 0.814883 0.519306 0.058984 0.053611
0 0.498281 0.478750 0.042656 0.040278
0 0.555781 0.467778 0.054375 0.053333
0 0.966602 0.708125 0.066016 0.078194
0 0.426953 0.435694 0.041094 0.036389
0 0.325703 0.416528 0.034531 0.033889
0 0.240391 0.535972 0.036875 0.048611
0 0.608594 0.886875 0.113281 0.177639
0 0.273945 0.488208 0.036797 0.041889
0 0.309480 0.470542 0.042336 0.041889
0 0.762465 0.403813 0.033648 0.054514
0 0.597320 0.465382 0.037672 0.033736
0 0.400426 0.447736 0.029914 0.029639
0 0.239762 0.408694 0.022727 0.020194
0 0.268254 0.409986 0.020773 0.023306
0 0.773164 0.654583 0.078516 0.090556
