0 0.328738 0.535347 0.044555 0.057083
0 0.462359 0.518118 0.056000 0.059958
0 0.466812 0.451368 0.043906 0.038458
0 0.515652 0.432139 0.046773 0.037333
0 0.325547 0.446847 0.046453 0.044111
0 0.273828 0.454472 0.037188 0.049222
0 0.231051 0.460451 0.035633 0.054236
0 0.172187 0.375000 0.069359 0.066667
0 0.225332 0.408819 0.023789 0.020833
0 0.297148 0.404757 0.032031 0.024236
0 0.380742 0.509028 0.046172 0.058333
0 0.990703 0.648819 0.017812 0.050139
0 0.291523 0.502222 0.039922 0.048611
0 0.624453 0.679583 0.078594 0.103611
0 0.476016 0.632431 0.060781 0.082361
0 0.284531 0.629236 0.056719 0.108194
0 0.438164 0.582361 0.049766 0.066111
0 0.262891 0.899375 0.120625 0.195694
0 0.700820 0.536875 0.058047 0.057083
0 0.778789 0.652222 0.087422 0.100833
0 0.844141 0.619375 0.071250 0.077639
0 0.544219 0.582847 0.058437 0.075694
0 0.616523 0.498194 0.051484 0.060278
0 0.551797 0.473889 0.050312 0.050278
0 0.735703 0.516528 0.051094 0.052222
