0 0.323789 0.526181 0.045703 0.073472
0 0.836016 0.691181 0.087500 0.084583
0 0.502773 0.651597 0.071172 0.109306
0 0.825352 0.552153 0.071953 0.069861
0 0.263164 0.545903 0.043516 0.061250
0 0.556445 0.456944 0.037266 0.038889
0 0.970586 0.720417 0.058047 0.089167
0 0.283984 0.654236 0.055625 0.102917
0 0.559375 0.775347 0.081250 0.124028
0 0.615977 0.502361 0.051953 0.052500
0 0.428477 0.948125 0.121172 0.102917
0 0.244922 0.468403 0.037031 0.045694
0 0.384102 0.484722 0.042578 0.042500
0 0.625586 0.459861 0.051641 0.050000
0 0.306758 0.403458 0.023375 0.026806
0 0.275504 0.410958 0.027242 0.026583
0 0.324125 0.419583 0.028719 0.025000
0 0.348520 0.435174 0.029289 0.022097
0 0.390664 0.430556 0.030547 0.032500
0 0.460016 0.468750 0.037531 0.036667
0 0.313969 0.478632 0.039453 0.033931
0 0.226285 0.927146 0.104930 0.140958
0 0.485063 0.465625 0.034141 0.041528
0 0.206148 0.394354 0.035750 0.026403
0 0.765820 0.603194 0.068047 0.072778
