0 0.204238 0.478479 0.029289 0.043236
0 0.665273 0.473868 0.041172 0.041903
0 0.611289 0.472222 0.040859 0.053611
0 0.238164 0.523611 0.038672 0.053889
0 0.680547 0.961875 0.101094 0.075972
0 0.979258 0.581667 0.040703 0.071389
0 0.286133 0.633056 0.048984 0.075278
0 0.546992 0.580139 0.071953 0.100000
0 0.591211 0.533056 0.049922 0.050556
0 0.929180 0.609583 0.082891 0.074722
0 0.936367 0.692639 0.088047 0.072778
0 0.277461 0.591736 0.046172 0.062361
0 0.330859 0.549583 0.045000 0.067222
0 0.396445 0.657500 0.071172 0.136944
0 0.446289 0.571736 0.051953 0.069028
0 0.522734 0.692778 0.066875 0.117778
0 0.213734 0.434132 0.042250 0.033458
0 0.676133 0.580694 0.062422 0.066667
0 0.811250 0.678681 0.085313 0.088472
0 0.283906 0.782014 0.082187 0.170972
0 0.189945 0.397521 0.019531 0.020819
0 0.170598 0.394208 0.014914 0.020528
0 0.235836 0.403521 0.023609 0.025875
0 0.263359 0.410146 0.030359 0.028403
0 0.536102 0.438910 0.040047 0.028653
0 0.499199 0.484194 0.048477 0.041722
0 0.446031 0.467688 0.035750 0.041458
0 0.474121 0.424174 0.049883 0.045014
0 0.377047 0.410708 0.025766 0.023444
0 0.683477 0.722153 0.086953 0.129583
0 0.390824 0.440979 0.038445 0.041681
0 0.341434 0.494056 0.038742 0.045028
0 0.314484 0.418042 0.031422 0.023361
0 0.345641 0.469646 0.043672 0.031875
0 0.264953 0.447868 0.045266 0.036292
0 0.242230 0.469007 0.033195 0.035042
