0 0.620898 0.550208 0.053516 0.054583
0 0.453203 0.958542 0.117500 0.082917
0 0.351445 0.427222 0.040547 0.031389
0 0.655781 0.515486 0.047969 0.047361
0 0.777383 0.539792 0.049297 0.046528
0 0.242734 0.464653 0.037031 0.050139
0 0.287656 0.502569 0.038281 0.043750
0 0.369219 0.513125 0.048125 0.050417
0 0.213672 0.478889 0.045000 0.058889
0 0.743984 0.561319 0.057813 0.060139
0 0.733086 0.621042 0.069922 0.070417
0 0.266758 0.539167 0.040078 0.062500
0 0.501719 0.552083 0.049219 0.058889
0 0.561094 0.512361 0.049063 0.050278
0 0.510625 0.441181 0.110313 0.118472
0 0.866719 0.720764 0.096094 0.100694
0 0.395195 0.692083 0.062891 0.097778
0 0.223008 0.418042 0.033047 0.044139
0 0.436191 0.441715 0.027977 0.035931
0 0.429566 0.503528 0.047117 0.052361
